% number of repeats:% 3
% enter first, last, inc:% 48 480 48 
data = [
%  n          reference      |         current implementation 
%        time       GFLOPS   |    time       GFLOPS     diff 
   480 5.5941e-03 3.9539e+01    3.2240e-02 6.8606e+00 3.5527e-13
   432 4.0253e-03 4.0058e+01    2.3289e-02 6.9234e+00 3.1264e-13
   384 2.7964e-03 4.0497e+01    1.6802e-02 6.7399e+00 1.9895e-13
   336 1.8901e-03 4.0139e+01    1.0973e-02 6.9139e+00 1.7053e-13
   288 1.1481e-03 4.1612e+01    6.7348e-03 7.0938e+00 1.1369e-13
   240 6.6320e-04 4.1689e+01    3.9409e-03 7.0157e+00 4.2633e-14
   192 3.4855e-04 4.0613e+01    1.9476e-03 7.2684e+00 2.8422e-14
   144 1.4795e-04 4.0364e+01    8.1013e-04 7.3716e+00 2.8422e-14
    96 4.8988e-05 3.6121e+01    2.4142e-04 7.3295e+00 1.4211e-14
    48 9.7760e-06 2.2625e+01    2.1807e-05 1.0143e+01 7.1054e-15
];

% Maximum difference between reference and your implementation: 3.552714e-13.
