% number of repeats:% 3
% enter first, last, inc:% 48 480 48 
data = [
%  n          reference      |         current implementation 
%        time       GFLOPS   |    time       GFLOPS     diff 
   480 7.9833e-03 2.7706e+01    2.2366e-01 9.8891e-01 3.5527e-13
   432 3.9858e-03 4.0455e+01    1.5198e-01 1.0609e+00 3.1264e-13
   384 2.8426e-03 3.9839e+01    1.3559e-01 8.3520e-01 1.9895e-13
   336 1.9480e-03 3.8945e+01    5.7422e-02 1.3212e+00 1.7053e-13
   288 1.1629e-03 4.1083e+01    4.7640e-02 1.0029e+00 1.1369e-13
   240 6.7545e-04 4.0933e+01    1.5508e-02 1.7828e+00 4.2633e-14
   192 3.4938e-04 4.0516e+01    1.3876e-02 1.0202e+00 2.8422e-14
   144 1.4754e-04 4.0478e+01    2.3018e-03 2.5945e+00 2.8422e-14
    96 4.9352e-05 3.5854e+01    5.9884e-04 2.9548e+00 1.4211e-14
    48 9.8640e-06 2.2423e+01    6.4024e-05 3.4547e+00 7.1054e-15
];

% Maximum difference between reference and your implementation: 3.552714e-13.
