% number of repeats:% 3
% enter first, last, inc:% 48 1488 48 
data = [
%  n          reference      |         current implementation 
%        time       GFLOPS   |    time       GFLOPS     diff 
  1488 1.6244e-01 4.0565e+01    9.5912e-01 6.8702e+00 2.1600e-12
  1440 1.5095e-01 3.9562e+01    7.9482e-01 7.5136e+00 2.1032e-12
  1392 1.3424e-01 4.0185e+01    7.9238e-01 6.8079e+00 1.9327e-12
  1344 1.3889e-01 3.4959e+01    6.4997e-01 7.4702e+00 1.7621e-12
  1296 1.1036e-01 3.9450e+01    5.8477e-01 7.4449e+00 1.8190e-12
  1248 9.5693e-02 4.0625e+01    5.1454e-01 7.5553e+00 1.6485e-12
  1200 8.7728e-02 3.9395e+01    4.6748e-01 7.3929e+00 1.5348e-12
  1152 7.4757e-02 4.0901e+01    3.3427e-01 9.1471e+00 1.3642e-12
  1104 6.8976e-02 3.9016e+01    3.1573e-01 8.5236e+00 1.2506e-12
  1056 5.7613e-02 4.0879e+01    2.4854e-01 9.4759e+00 1.1937e-12
  1008 4.9632e-02 4.1271e+01    2.4788e-01 8.2636e+00 1.0232e-12
   960 4.3078e-02 4.1076e+01    1.7680e-01 1.0008e+01 1.0232e-12
   912 3.6447e-02 4.1625e+01    1.4191e-01 1.0691e+01 1.0800e-12
   864 3.1359e-02 4.1135e+01    1.1342e-01 1.1373e+01 8.5265e-13
   816 2.6147e-02 4.1561e+01    8.9014e-02 1.2208e+01 8.2423e-13
   768 2.1557e-02 4.2027e+01    8.5567e-02 1.0588e+01 7.1054e-13
   720 1.7858e-02 4.1803e+01    5.2470e-02 1.4227e+01 6.8212e-13
   672 1.4821e-02 4.0950e+01    5.9673e-02 1.0171e+01 5.6843e-13
   624 1.2071e-02 4.0256e+01    3.1723e-02 1.5318e+01 5.4001e-13
   576 9.2914e-03 4.1136e+01    2.2693e-02 1.6842e+01 4.8317e-13
   528 7.1415e-03 4.1223e+01    1.8127e-02 1.6241e+01 4.2633e-13
   480 5.3911e-03 4.1028e+01    1.2792e-02 1.7291e+01 3.1264e-13
   432 4.1076e-03 3.9255e+01    9.3684e-03 1.7211e+01 2.7001e-13
   384 2.6734e-03 4.2360e+01    6.7228e-03 1.6845e+01 2.2737e-13
   336 1.8108e-03 4.1897e+01    4.2242e-03 1.7960e+01 1.7053e-13
   288 1.1406e-03 4.1885e+01    2.6258e-03 1.8195e+01 9.9476e-14
   240 6.3465e-04 4.3564e+01    1.3560e-03 2.0389e+01 4.2633e-14
   192 3.3717e-04 4.1983e+01    7.3685e-04 1.9211e+01 2.8422e-14
   144 1.4716e-04 4.0582e+01    2.6211e-04 2.2784e+01 2.8422e-14
    96 4.9046e-05 3.6078e+01    7.7052e-05 2.2965e+01 1.0658e-14
    48 9.7060e-06 2.2788e+01    9.0550e-06 2.4427e+01 5.3291e-15
];

% Maximum difference between reference and your implementation: 2.160050e-12.
