% number of repeats:% 3
% enter first, last, inc:% 48 1488 48 
data = [
%  n          reference      |         current implementation 
%        time       GFLOPS   |    time       GFLOPS     diff 
  1488 1.5404e-01 4.2776e+01    2.2480e-01 2.9312e+01 2.1600e-12
  1440 1.4840e-01 4.0241e+01    1.8265e-01 3.2696e+01 2.1032e-12
  1392 1.1304e-01 4.7723e+01    1.6329e-01 3.3036e+01 1.9327e-12
  1344 1.0431e-01 4.6546e+01    1.6078e-01 3.0198e+01 1.7621e-12
  1296 9.5352e-02 4.5658e+01    1.5278e-01 2.8496e+01 1.8190e-12
  1248 8.6682e-02 4.4848e+01    1.4710e-01 2.6428e+01 1.6485e-12
  1200 8.9675e-02 3.8539e+01    1.0965e-01 3.1518e+01 1.5348e-12
  1152 6.6318e-02 4.6106e+01    1.0736e-01 2.8479e+01 1.3642e-12
  1104 6.0002e-02 4.4851e+01    8.7920e-02 3.0609e+01 1.2506e-12
  1056 5.0709e-02 4.6445e+01    7.2393e-02 3.2533e+01 1.1937e-12
  1008 4.2577e-02 4.8110e+01    6.6220e-02 3.0933e+01 1.0232e-12
   960 3.9414e-02 4.4894e+01    5.9047e-02 2.9967e+01 1.0232e-12
   912 3.2973e-02 4.6010e+01    4.6022e-02 3.2964e+01 1.0800e-12
   864 2.7200e-02 4.7424e+01    4.8541e-02 2.6574e+01 8.5265e-13
   816 2.9014e-02 3.7454e+01    3.8954e-02 2.7896e+01 8.2423e-13
   768 2.2942e-02 3.9490e+01    3.3250e-02 2.7247e+01 7.1054e-13
   720 1.6056e-02 4.6495e+01    2.3405e-02 3.1895e+01 6.8212e-13
   672 1.2771e-02 4.7524e+01    1.7933e-02 3.3843e+01 5.6843e-13
   624 1.0309e-02 4.7136e+01    1.3987e-02 3.4743e+01 5.4001e-13
   576 7.9891e-03 4.7841e+01    1.1649e-02 3.2809e+01 4.8317e-13
   528 6.1203e-03 4.8102e+01    8.2336e-03 3.5755e+01 4.2633e-13
   480 4.5112e-03 4.9030e+01    6.1058e-03 3.6225e+01 3.1264e-13
   432 3.3603e-03 4.7985e+01    4.1959e-03 3.8428e+01 2.7001e-13
   384 2.3272e-03 4.8661e+01    3.2942e-03 3.4378e+01 2.2737e-13
   336 1.5603e-03 4.8623e+01    1.9771e-03 3.8372e+01 1.7053e-13
   288 9.9691e-04 4.7924e+01    1.2846e-03 3.7192e+01 9.9476e-14
   240 5.7884e-04 4.7764e+01    6.2922e-04 4.3940e+01 4.2633e-14
   192 3.1358e-04 4.5142e+01    3.5179e-04 4.0239e+01 2.8422e-14
   144 1.3858e-04 4.3094e+01    1.3118e-04 4.5526e+01 2.8422e-14
    96 4.3419e-05 4.0753e+01    4.1314e-05 4.2830e+01 1.0658e-14
    48 9.3930e-06 2.3548e+01    4.8250e-06 4.5841e+01 5.3291e-15
];

% Maximum difference between reference and your implementation: 2.160050e-12.
