% number of repeats:% 3
% enter first, last, inc:% 48 1488 48 
data = [
%  n          reference      |         current implementation 
%        time       GFLOPS   |    time       GFLOPS     diff 
  1488 1.6138e-01 4.0831e+01    3.5525e-01 1.8548e+01 2.1600e-12
  1440 1.4735e-01 4.0528e+01    3.3507e-01 1.7823e+01 2.1032e-12
  1392 1.2960e-01 4.1623e+01    2.8208e-01 1.9124e+01 1.9327e-12
  1344 1.1779e-01 4.1222e+01    2.8361e-01 1.7120e+01 1.7621e-12
  1296 1.1717e-01 3.7157e+01    2.4031e-01 1.8116e+01 1.8190e-12
  1248 1.0223e-01 3.8027e+01    2.3375e-01 1.6631e+01 1.6485e-12
  1200 8.9896e-02 3.8444e+01    1.8065e-01 1.9131e+01 1.5348e-12
  1152 8.7109e-02 3.5101e+01    1.8062e-01 1.6929e+01 1.3642e-12
  1104 7.0954e-02 3.7928e+01    1.5673e-01 1.7170e+01 1.2506e-12
  1056 6.1897e-02 3.8050e+01    1.2962e-01 1.8169e+01 1.1937e-12
  1008 5.5068e-02 3.7197e+01    1.3141e-01 1.5588e+01 1.0232e-12
   960 4.7956e-02 3.6898e+01    1.0307e-01 1.7168e+01 1.0232e-12
   912 3.5234e-02 4.3058e+01    8.4382e-02 1.7979e+01 1.0800e-12
   864 3.3565e-02 3.8431e+01    7.6381e-02 1.6888e+01 8.5265e-13
   816 2.8523e-02 3.8099e+01    5.7984e-02 1.8741e+01 8.2423e-13
   768 2.3106e-02 3.9210e+01    5.7759e-02 1.5685e+01 7.1054e-13
   720 1.9068e-02 3.9149e+01    4.0059e-02 1.8635e+01 6.8212e-13
   672 1.4910e-02 4.0707e+01    3.3362e-02 1.8192e+01 5.6843e-13
   624 1.2336e-02 3.9392e+01    2.6546e-02 1.8305e+01 5.4001e-13
   576 9.0696e-03 4.2141e+01    2.2495e-02 1.6990e+01 4.8317e-13
   528 6.4036e-03 4.5974e+01    1.4530e-02 2.0262e+01 4.2633e-13
   480 4.9833e-03 4.4385e+01    1.0823e-02 2.0436e+01 3.1264e-13
   432 3.6909e-03 4.3686e+01    7.3729e-03 2.1870e+01 2.7001e-13
   384 2.5107e-03 4.5105e+01    5.6708e-03 1.9970e+01 2.2737e-13
   336 1.5843e-03 4.7887e+01    3.7725e-03 2.0110e+01 1.7053e-13
   288 1.1021e-03 4.3351e+01    2.4776e-03 1.9283e+01 9.9476e-14
   240 6.9193e-04 3.9958e+01    1.2495e-03 2.2127e+01 4.2633e-14
   192 2.9677e-04 4.7700e+01    7.1747e-04 1.9730e+01 2.8422e-14
   144 1.5824e-04 3.7739e+01    2.3288e-04 2.5644e+01 2.8422e-14
    96 4.6178e-05 3.8319e+01    7.1907e-05 2.4608e+01 1.0658e-14
    48 8.8080e-06 2.5112e+01    7.9030e-06 2.7987e+01 5.3291e-15
];

% Maximum difference between reference and your implementation: 2.160050e-12.
