% number of repeats:% 3
% enter first, last, inc:% 48 1488 48 
data = [
%  n          reference      |         current implementation 
%        time       GFLOPS   |    time       GFLOPS     diff 
  1488 1.5936e-01 4.1349e+01    1.5452e+00 4.2645e+00 2.1600e-12
  1440 1.4997e-01 3.9820e+01    1.4441e+00 4.1353e+00 2.1032e-12
  1392 1.3122e-01 4.1111e+01    1.2423e+00 4.3423e+00 1.9327e-12
  1344 1.2133e-01 4.0020e+01    1.1102e+00 4.3736e+00 1.7621e-12
  1296 1.1399e-01 3.8194e+01    1.0026e+00 4.3425e+00 1.8758e-12
  1248 9.8369e-02 3.9520e+01    8.7206e-01 4.4579e+00 1.5916e-12
  1200 8.6403e-02 3.9999e+01    7.7014e-01 4.4875e+00 1.5348e-12
  1152 7.4982e-02 4.0778e+01    6.7131e-01 4.5548e+00 1.4211e-12
  1104 6.7889e-02 3.9640e+01    5.6639e-01 4.7514e+00 1.3074e-12
  1056 6.0080e-02 3.9201e+01    4.9029e-01 4.8036e+00 1.1937e-12
  1008 5.1612e-02 3.9689e+01    4.1559e-01 4.9288e+00 1.0232e-12
   960 4.3670e-02 4.0519e+01    3.5075e-01 5.0449e+00 9.9476e-13
   912 3.6998e-02 4.1005e+01    2.8872e-01 5.2546e+00 1.0800e-12
   864 3.1980e-02 4.0336e+01    2.3221e-01 5.5551e+00 8.5265e-13
   816 2.5807e-02 4.2108e+01    1.9306e-01 5.6286e+00 7.9581e-13
   768 2.3263e-02 3.8944e+01    1.5863e-01 5.7112e+00 7.3896e-13
   720 1.7931e-02 4.1631e+01    1.1954e-01 6.2446e+00 6.8212e-13
   672 1.4799e-02 4.1013e+01    8.9529e-02 6.7791e+00 5.9686e-13
   624 1.1356e-02 4.2792e+01    7.0494e-02 6.8934e+00 5.4001e-13
   576 9.0748e-03 4.2117e+01    5.3892e-02 7.0921e+00 4.8317e-13
   528 7.0282e-03 4.1888e+01    3.9883e-02 7.3815e+00 4.2633e-13
   480 5.2589e-03 4.2059e+01    2.9492e-02 7.4998e+00 3.1264e-13
   432 3.6363e-03 4.4342e+01    2.1294e-02 7.5722e+00 2.7001e-13
   384 2.5044e-03 4.5219e+01    1.5475e-02 7.3182e+00 2.2737e-13
   336 1.7240e-03 4.4006e+01    9.6346e-03 7.8743e+00 1.7053e-13
   288 1.3401e-03 3.5650e+01    6.4645e-03 7.3905e+00 1.1369e-13
   240 5.5966e-04 4.9401e+01    3.4870e-03 7.9289e+00 4.2633e-14
   192 3.6024e-04 3.9296e+01    1.7007e-03 8.3235e+00 3.5527e-14
   144 1.3041e-04 4.5792e+01    7.8870e-04 7.5719e+00 2.8422e-14
    96 5.1243e-05 3.4531e+01    2.4637e-04 7.1823e+00 1.4211e-14
    48 1.0143e-05 2.1807e+01    2.1908e-05 1.0096e+01 7.1054e-15
];

% Maximum difference between reference and your implementation: 2.160050e-12.
