% number of repeats:% 3
% enter first, last, inc:% 48 480 48 
data = [
%  n          reference      |         current implementation 
%        time       GFLOPS   |    time       GFLOPS     diff 
   480 9.8467e-03 2.2463e+01    1.3956e-01 1.5849e+00 3.5527e-13
   432 4.0256e-03 4.0055e+01    1.0411e-01 1.5487e+00 3.1264e-13
   384 2.9240e-03 3.8730e+01    7.4814e-02 1.5137e+00 1.9895e-13
   336 2.0129e-03 3.7690e+01    5.5987e-02 1.3551e+00 1.7053e-13
   288 2.2875e-03 2.0885e+01    3.4028e-02 1.4040e+00 1.1369e-13
   240 6.7965e-04 4.0680e+01    1.9886e-02 1.3903e+00 4.2633e-14
   192 3.4574e-04 4.0943e+01    8.4165e-03 1.6819e+00 2.8422e-14
   144 1.5297e-04 3.9041e+01    3.4293e-03 1.7414e+00 2.8422e-14
    96 5.1266e-05 3.4516e+01    9.7379e-04 1.8171e+00 1.4211e-14
    48 9.7120e-06 2.2774e+01    1.2454e-04 1.7760e+00 7.1054e-15
];

% Maximum difference between reference and your implementation: 3.552714e-13.
