% number of repeats:% 3
% enter first, last, inc:% 48 1488 48 
data = [
%  n          reference      |         current implementation 
%        time       GFLOPS   |    time       GFLOPS     diff 
  1488 1.8585e-01 3.5454e+01    1.2691e+00 5.1922e+00 2.1600e-12
  1440 1.6571e-01 3.6039e+01    1.1324e+00 5.2735e+00 2.1032e-12
  1392 1.5011e-01 3.5936e+01    1.0928e+00 4.9365e+00 1.9327e-12
  1344 1.3908e-01 3.4911e+01    8.1349e-01 5.9686e+00 1.7621e-12
  1296 1.2038e-01 3.6164e+01    8.5487e-01 5.0927e+00 1.8190e-12
  1248 1.0604e-01 3.6660e+01    7.6966e-01 5.0510e+00 1.6485e-12
  1200 9.3735e-02 3.6870e+01    6.7217e-01 5.1415e+00 1.5348e-12
  1152 8.2619e-02 3.7009e+01    4.3736e-01 6.9912e+00 1.3642e-12
  1104 7.3086e-02 3.6822e+01    4.9084e-01 5.4827e+00 1.2506e-12
  1056 6.3684e-02 3.6982e+01    4.2451e-01 5.5479e+00 1.1937e-12
  1008 5.5376e-02 3.6991e+01    3.5182e-01 5.8223e+00 1.0232e-12
   960 4.7580e-02 3.7189e+01    2.8166e-01 6.2822e+00 1.0232e-12
   912 4.0030e-02 3.7899e+01    2.2503e-01 6.7417e+00 1.0800e-12
   864 3.4377e-02 3.7524e+01    1.6081e-01 8.0215e+00 8.5265e-13
   816 2.9510e-02 3.6824e+01    1.1695e-01 9.2914e+00 8.2423e-13
   768 2.4627e-02 3.6788e+01    1.0033e-01 9.0299e+00 7.1054e-13
   720 1.9955e-02 3.7410e+01    6.0810e-02 1.2276e+01 6.8212e-13
   672 1.6321e-02 3.7188e+01    3.4884e-02 1.7398e+01 5.6843e-13
   624 1.2924e-02 3.7601e+01    2.4880e-02 1.9532e+01 5.4001e-13
   576 9.6837e-03 3.9469e+01    1.8682e-02 2.0458e+01 4.8317e-13
   528 7.4518e-03 3.9507e+01    1.3258e-02 2.2206e+01 4.2633e-13
   480 5.5695e-03 3.9713e+01    9.0138e-03 2.4538e+01 3.1264e-13
   432 4.1365e-03 3.8980e+01    6.7541e-03 2.3874e+01 2.7001e-13
   384 2.8911e-03 3.9171e+01    5.0676e-03 2.2347e+01 2.2737e-13
   336 2.0022e-03 3.7891e+01    2.8605e-03 2.6522e+01 1.7053e-13
   288 1.3222e-03 3.6133e+01    1.9095e-03 2.5020e+01 9.9476e-14
   240 6.7524e-04 4.0945e+01    1.0329e-03 2.6767e+01 4.2633e-14
   192 3.4519e-04 4.1009e+01    5.4505e-04 2.5972e+01 2.8422e-14
   144 1.4755e-04 4.0473e+01    1.4702e-04 4.0621e+01 2.8422e-14
    96 4.8996e-05 3.6115e+01    4.7617e-05 3.7161e+01 1.0658e-14
    48 9.6370e-06 2.2952e+01    5.8000e-06 3.8135e+01 5.3291e-15
];

% Maximum difference between reference and your implementation: 2.160050e-12.
