% number of repeats:% 3
% enter first, last, inc:% 48 480 48 
data = [
%  n          reference      |         current implementation 
%        time       GFLOPS   |    time       GFLOPS     diff 
   480 7.7905e-03 2.8391e+01    1.4664e-01 1.5083e+00 3.5527e-13
   432 4.0619e-03 3.9696e+01    1.0484e-01 1.5380e+00 3.1264e-13
   384 2.9041e-03 3.8995e+01    7.2695e-02 1.5578e+00 1.9895e-13
   336 1.9619e-03 3.8669e+01    4.7527e-02 1.5963e+00 1.7053e-13
   288 1.1779e-03 4.0561e+01    2.9958e-02 1.5948e+00 1.1369e-13
   240 6.5783e-04 4.2029e+01    1.6389e-02 1.6870e+00 4.2633e-14
   192 3.4624e-04 4.0884e+01    8.2486e-03 1.7161e+00 2.8422e-14
   144 1.4763e-04 4.0452e+01    3.1846e-03 1.8752e+00 2.8422e-14
    96 4.8847e-05 3.6225e+01    8.9451e-04 1.9781e+00 1.4211e-14
    48 9.8640e-06 2.2423e+01    8.7928e-05 2.5155e+00 7.1054e-15
];

% Maximum difference between reference and your implementation: 3.552714e-13.
