% number of repeats:% 3
% enter first, last, inc:% 48 480 48 
data = [
%  n          reference      |         current implementation 
%        time       GFLOPS   |    time       GFLOPS     diff 
   480 7.8099e-03 2.8321e+01    3.3560e-02 6.5907e+00 3.5527e-13
   432 4.0805e-03 3.9516e+01    2.4379e-02 6.6140e+00 3.1264e-13
   384 2.8992e-03 3.9061e+01    1.7180e-02 6.5916e+00 1.9895e-13
   336 1.8446e-03 4.1130e+01    1.1522e-02 6.5844e+00 1.7053e-13
   288 1.2150e-03 3.9323e+01    7.1583e-03 6.6742e+00 1.1369e-13
   240 6.7234e-04 4.1122e+01    3.9423e-03 7.0131e+00 4.2633e-14
   192 3.4851e-04 4.0618e+01    1.9248e-03 7.3544e+00 2.8422e-14
   144 1.4743e-04 4.0508e+01    8.0680e-04 7.4020e+00 2.8422e-14
    96 4.9132e-05 3.6015e+01    2.4481e-04 7.2280e+00 1.4211e-14
    48 9.9140e-06 2.2310e+01    2.1515e-05 1.0280e+01 7.1054e-15
];

% Maximum difference between reference and your implementation: 3.552714e-13.
