% number of repeats:% 3
% enter first, last, inc:% 48 480 48 
data = [
%  n          reference      |         current implementation 
%        time       GFLOPS   |    time       GFLOPS     diff 
   480 7.4602e-03 2.9649e+01    2.3514e-01 9.4067e-01 3.5527e-13
   432 4.0726e-03 3.9592e+01    1.5796e-01 1.0208e+00 3.1264e-13
   384 2.9044e-03 3.8991e+01    1.4098e-01 8.0327e-01 1.9895e-13
   336 1.8418e-03 4.1191e+01    6.1287e-02 1.2379e+00 1.7053e-13
   288 1.1564e-03 4.1313e+01    4.8365e-02 9.8781e-01 1.1369e-13
   240 6.9017e-04 4.0060e+01    1.6935e-02 1.6326e+00 4.2633e-14
   192 3.4708e-04 4.0786e+01    1.3932e-02 1.0160e+00 2.8422e-14
   144 1.5299e-04 3.9036e+01    2.4460e-03 2.4415e+00 2.8422e-14
    96 4.9327e-05 3.5872e+01    6.6922e-04 2.6441e+00 1.4211e-14
    48 9.7980e-06 2.2574e+01    7.7980e-05 2.8364e+00 7.1054e-15
];

% Maximum difference between reference and your implementation: 3.552714e-13.
