% number of repeats:% 3
% enter first, last, inc:% 48 480 48 
data = [
%  n          reference      |         current implementation 
%        time       GFLOPS   |    time       GFLOPS     diff 
   480 1.1601e-02 1.9065e+01    1.4484e-01 1.5271e+00 3.5527e-13
   432 4.0188e-03 4.0122e+01    9.3426e-02 1.7259e+00 3.1264e-13
   384 2.8266e-03 4.0064e+01    6.6149e-02 1.7120e+00 1.9895e-13
   336 1.8601e-03 4.0787e+01    4.3157e-02 1.7579e+00 1.7053e-13
   288 1.1545e-03 4.1384e+01    2.7156e-02 1.7593e+00 1.1369e-13
   240 6.3697e-04 4.3406e+01    1.5725e-02 1.7582e+00 4.2633e-14
   192 3.4762e-04 4.0722e+01    8.0033e-03 1.7687e+00 2.8422e-14
   144 1.4773e-04 4.0424e+01    3.3631e-03 1.7757e+00 2.8422e-14
    96 4.9529e-05 3.5726e+01    9.9683e-04 1.7751e+00 1.4211e-14
    48 9.8990e-06 2.2344e+01    1.2545e-04 1.7631e+00 7.1054e-15
];

% Maximum difference between reference and your implementation: 3.552714e-13.
