% number of repeats:% 3
% enter first, last, inc:% 48 1488 48 
data = [
%  n          reference      |         current implementation 
%        time       GFLOPS   |    time       GFLOPS     diff 
  1488 1.6279e-01 4.0477e+01    1.4782e+00 4.4576e+00 2.1600e-12
  1440 1.3594e-01 4.3929e+01    1.2639e+00 4.7250e+00 2.1032e-12
  1392 1.2194e-01 4.4240e+01    1.1411e+00 4.7274e+00 1.9327e-12
  1344 1.0651e-01 4.5585e+01    1.0996e+00 4.4157e+00 1.7621e-12
  1296 1.0256e-01 4.2450e+01    9.9648e-01 4.3689e+00 1.8758e-12
  1248 8.9128e-02 4.3617e+01    9.1185e-01 4.2634e+00 1.5916e-12
  1200 7.8557e-02 4.3994e+01    8.3640e-01 4.1320e+00 1.5348e-12
  1152 6.8711e-02 4.4500e+01    7.8198e-01 3.9101e+00 1.4211e-12
  1104 6.2478e-02 4.3074e+01    6.7541e-01 3.9845e+00 1.3074e-12
  1056 5.4363e-02 4.3323e+01    6.1912e-01 3.8041e+00 1.1937e-12
  1008 4.6284e-02 4.4256e+01    5.2542e-01 3.8986e+00 1.0232e-12
   960 3.9007e-02 4.5363e+01    4.2088e-01 4.2042e+00 9.9476e-13
   912 3.3190e-02 4.5710e+01    3.2782e-01 4.6278e+00 1.0800e-12
   864 2.8075e-02 4.5947e+01    2.3629e-01 5.4592e+00 8.5265e-13
   816 2.3648e-02 4.5952e+01    1.7363e-01 6.2586e+00 7.9581e-13
   768 1.9827e-02 4.5694e+01    1.4916e-01 6.0737e+00 7.3896e-13
   720 1.6563e-02 4.5069e+01    9.9787e-02 7.4809e+00 6.8212e-13
   672 1.3295e-02 4.5653e+01    7.9332e-02 7.6505e+00 5.9686e-13
   624 1.0585e-02 4.5906e+01    5.7913e-02 8.3909e+00 5.4001e-13
   576 8.3083e-03 4.6003e+01    4.6381e-02 8.2405e+00 4.8317e-13
   528 6.3725e-03 4.6198e+01    3.3203e-02 8.8666e+00 4.2633e-13
   480 4.8042e-03 4.6039e+01    2.5080e-02 8.8193e+00 3.1264e-13
   432 3.3732e-03 4.7801e+01    1.8010e-02 8.9528e+00 2.7001e-13
   384 2.3563e-03 4.8061e+01    1.2929e-02 8.7589e+00 2.2737e-13
   336 1.6068e-03 4.7215e+01    8.4603e-03 8.9673e+00 1.7053e-13
   288 9.8746e-04 4.8382e+01    5.1671e-03 9.2461e+00 1.1369e-13
   240 5.6384e-04 4.9036e+01    2.9933e-03 9.2365e+00 4.2633e-14
   192 3.0009e-04 4.7171e+01    1.5191e-03 9.3186e+00 3.5527e-14
   144 1.3048e-04 4.5768e+01    6.3942e-04 9.3396e+00 2.8422e-14
    96 4.3313e-05 4.0853e+01    2.0839e-04 8.4912e+00 1.4211e-14
    48 8.7950e-06 2.5149e+01    2.5722e-05 8.5990e+00 7.1054e-15
];

% Maximum difference between reference and your implementation: 2.160050e-12.
