% number of repeats:% 3
% enter first, last, inc:% 48 1488 48 
data = [
%  n          reference      |         current implementation 
%        time       GFLOPS   |    time       GFLOPS     diff 
  1488 1.4397e-01 4.5767e+01    1.4226e+00 4.6318e+00 2.1600e-12
  1440 1.4931e-01 3.9996e+01    1.1581e+00 5.1565e+00 2.1032e-12
  1392 1.3124e-01 4.1105e+01    1.2603e+00 4.2802e+00 1.9327e-12
  1344 1.0818e-01 4.4884e+01    9.8568e-01 4.9260e+00 1.7621e-12
  1296 1.1348e-01 3.8364e+01    8.4740e-01 5.1376e+00 1.8758e-12
  1248 8.4058e-02 4.6248e+01    7.4770e-01 5.1993e+00 1.5916e-12
  1200 7.1976e-02 4.8016e+01    6.5303e-01 5.2922e+00 1.5348e-12
  1152 6.4824e-02 4.7168e+01    5.7118e-01 5.3532e+00 1.4211e-12
  1104 5.7345e-02 4.6929e+01    4.6625e-01 5.7719e+00 1.3074e-12
  1056 4.9783e-02 4.7309e+01    4.1192e-01 5.7176e+00 1.1937e-12
  1008 4.2536e-02 4.8156e+01    3.4351e-01 5.9631e+00 1.0232e-12
   960 3.7422e-02 4.7284e+01    2.8704e-01 6.1646e+00 9.9476e-13
   912 3.1363e-02 4.8373e+01    2.3791e-01 6.3767e+00 1.0800e-12
   864 2.6901e-02 4.7952e+01    1.9335e-01 6.6716e+00 8.5265e-13
   816 2.2888e-02 4.7478e+01    1.6232e-01 6.6945e+00 7.9581e-13
   768 1.8863e-02 4.8030e+01    1.3438e-01 6.7419e+00 7.3896e-13
   720 1.5453e-02 4.8307e+01    1.0137e-01 7.3644e+00 6.8212e-13
   672 1.2443e-02 4.8776e+01    8.1584e-02 7.4393e+00 5.9686e-13
   624 9.9758e-03 4.8712e+01    6.1579e-02 7.8914e+00 5.4001e-13
   576 8.1890e-03 4.6673e+01    4.8466e-02 7.8861e+00 4.8317e-13
   528 6.1191e-03 4.8111e+01    3.6725e-02 8.0161e+00 4.2633e-13
   480 4.6220e-03 4.7855e+01    2.7680e-02 7.9907e+00 3.1264e-13
   432 3.3386e-03 4.8297e+01    2.0259e-02 7.9590e+00 2.7001e-13
   384 2.3328e-03 4.8545e+01    1.4806e-02 7.6485e+00 2.2737e-13
   336 1.5812e-03 4.7981e+01    9.4406e-03 8.0362e+00 1.7053e-13
   288 9.7927e-04 4.8787e+01    5.9224e-03 8.0669e+00 1.1369e-13
   240 5.6155e-04 4.9235e+01    3.4007e-03 8.1302e+00 4.2633e-14
   192 2.9571e-04 4.7870e+01    1.7060e-03 8.2977e+00 3.5527e-14
   144 1.3018e-04 4.5873e+01    7.1527e-04 8.3493e+00 2.8422e-14
    96 4.3311e-05 4.0855e+01    2.1407e-04 8.2657e+00 1.4211e-14
    48 9.1430e-06 2.4192e+01    2.0425e-05 1.0829e+01 7.1054e-15
];

% Maximum difference between reference and your implementation: 2.160050e-12.
